100 0.010101
0.000000 0.108293
0.010101 0.118012
0.020202 0.131894
0.030303 0.148210
0.040404 0.166079
0.050505 0.188911
0.060606 0.214544
0.070707 0.245066
0.080808 0.279191
0.090909 0.320643
0.101010 0.378692
0.111111 0.451934
0.121212 0.546142
0.131313 0.644929
0.141414 0.758836
0.151515 0.872416
0.161616 1.002301
0.171717 1.298635
0.181818 1.485649
0.191919 1.609022
0.202020 1.710006
0.212121 1.803324
0.222222 1.883688
0.232323 1.946587
0.242424 2.004355
0.252525 2.058335
0.262626 2.080218
0.272727 2.087677
0.282828 2.087873
0.292929 2.078503
0.303030 2.056038
0.313131 2.020513
0.323232 1.976956
0.333333 1.928625
0.343434 1.843120
0.353535 1.751087
0.363636 1.650134
0.373737 1.549540
0.383838 1.424276
0.393939 1.317805
0.404040 1.221300
0.414141 1.136791
0.424242 1.074418
0.434343 1.009564
0.444444 0.949885
0.454545 0.902367
0.464646 0.862414
0.474747 0.841988
0.484849 0.820032
0.494950 0.806218
0.505050 0.790758
0.515152 0.774626
0.525253 0.758793
0.535354 0.744231
0.545455 0.731914
0.555556 0.722813
0.565657 0.717366
0.575758 0.756038
0.585859 0.814317
0.595960 0.907945
0.606061 1.038654
0.616162 1.166515
0.626263 1.293872
0.636364 1.395357
0.646465 1.443885
0.656566 1.451876
0.666667 1.447260
0.676768 1.433618
0.686869 1.406914
0.696970 1.370500
0.707071 1.332583
0.717172 1.288496
0.727273 1.238366
0.737374 1.199238
0.747475 1.160307
0.757576 1.118389
0.767677 1.074239
0.777778 1.026619
0.787879 0.974579
0.797980 0.922309
0.808081 0.874095
0.818182 0.815835
0.828283 0.761127
0.838384 0.703701
0.848485 0.654614
0.858586 0.601105
0.868687 0.548935
0.878788 0.503863
0.888889 0.458733
0.898990 0.421834
0.909091 0.391638
0.919192 0.356414
0.929293 0.321042
0.939394 0.294128
0.949495 0.262990
0.959596 0.230710
0.969697 0.201322
0.979798 0.165139
0.989899 0.131520
1.000000 0.108293
