100 5.737374
21.000000 20.000000
26.737373 21.794828
32.474747 24.358580
38.212120 27.371990
43.949493 30.672052
49.686871 34.888790
55.424244 39.622654
61.161617 45.259636
66.898987 51.561970
72.636368 59.217354
78.373741 69.938026
84.111115 83.464676
89.848488 100.863388
95.585861 119.107590
101.323235 140.144302
107.060608 161.120682
112.797981 185.108200
118.535355 239.836288
124.272728 274.374603
130.010101 297.159576
135.747482 315.809479
141.484848 333.043884
147.222229 347.885651
152.959595 359.502136
158.696976 370.170837
164.434341 380.140076
170.171722 384.181610
175.909088 385.559021
181.646469 385.595337
187.383835 383.864838
193.121216 379.715942
198.858582 373.155060
204.595963 365.110687
210.333344 356.184845
216.070709 340.393402
221.808090 323.396545
227.545456 304.752228
233.282837 286.174194
239.020203 263.040070
244.757584 243.376602
250.494949 225.553635
256.232330 209.946243
261.969696 198.427078
267.707062 186.449585
273.444458 175.427979
279.181824 166.652084
284.919189 159.273514
290.656555 155.501129
296.393951 151.446304
302.131317 148.895035
307.868683 146.039886
313.606079 143.060455
319.343445 140.136322
325.080811 137.447067
330.818176 135.172256
336.555573 133.491516
342.292938 132.485519
348.030304 139.627594
353.767670 150.390762
359.505066 167.682236
365.242432 191.822006
370.979797 215.435791
376.717163 238.956497
382.454559 257.699158
388.191925 266.661438
393.929291 268.137207
399.666687 267.284821
405.404053 264.765259
411.141418 259.833496
416.878784 253.108536
422.616180 246.105759
428.353546 237.963684
434.090912 228.705597
439.828278 221.479294
445.565674 214.289322
451.303040 206.547684
457.040405 198.394073
462.777771 189.599426
468.515167 179.988510
474.252533 170.335037
479.989899 161.430664
485.727295 150.671082
491.464661 140.567474
497.202026 129.961884
502.939392 120.896248
508.676788 111.014046
514.414124 101.379059
520.151550 93.055077
525.888916 84.720398
531.626282 77.905693
537.363647 72.329033
543.101013 65.823715
548.838379 59.291023
554.575745 54.320580
560.313110 48.569881
566.050537 42.608238
571.787903 37.180721
577.525269 30.498476
583.262634 24.289602
589.000000 19.999994
